\begin{tabular}{lrrrrrrrrrrrrrrrrr}
\toprule
{} &  log\_ret &  volatility &  skewness &  kurtosis &  amihud &  maxmin\_ratio &  btc\_volume &  time &  delta\_5 &  vol\_pre &  open\_interest &  slope &  volume &  contract\_is\_call &  inter\_call\_money &  inter\_put\_money &  inter\_call\_skewness \\
\midrule
log\_ret             &     1.00 &       -0.03 &     -0.07 &      0.13 &    0.05 &         -0.08 &        0.00 &  0.07 &     0.10 &    -0.03 &           0.00 &   0.02 &    0.03 &              0.07 &              0.07 &            -0.06 &                -0.09 \\
volatility          &    -0.03 &        1.00 &      0.55 &     -0.67 &    0.03 &         -0.30 &        0.05 &  0.03 &    -0.09 &     0.13 &           0.17 &  -0.15 &    0.15 &             -0.03 &             -0.08 &             0.01 &                 0.45 \\
skewness            &    -0.07 &        0.55 &      1.00 &     -0.14 &   -0.31 &         -0.04 &        0.05 &  0.01 &     0.00 &    -0.03 &           0.06 &  -0.08 &    0.08 &              0.04 &              0.03 &            -0.06 &                 0.78 \\
kurtosis            &     0.13 &       -0.67 &     -0.14 &      1.00 &    0.19 &          0.50 &        0.24 & -0.02 &     0.07 &     0.02 &          -0.17 &   0.15 &   -0.15 &              0.01 &              0.07 &             0.02 &                -0.17 \\
amihud              &     0.05 &        0.03 &     -0.31 &      0.19 &    1.00 &          0.64 &        0.73 &  0.19 &    -0.12 &     0.53 &          -0.16 &   0.10 &   -0.18 &             -0.20 &             -0.16 &             0.21 &                -0.24 \\
maxmin\_ratio        &    -0.08 &       -0.30 &     -0.04 &      0.50 &    0.64 &          1.00 &        0.70 &  0.15 &    -0.07 &     0.33 &          -0.22 &   0.09 &   -0.20 &             -0.13 &             -0.07 &             0.13 &                -0.02 \\
btc\_volume          &     0.00 &        0.05 &      0.05 &      0.24 &    0.73 &          0.70 &        1.00 &  0.17 &    -0.07 &     0.47 &          -0.15 &   0.14 &   -0.15 &             -0.15 &             -0.09 &             0.17 &                 0.02 \\
time                &     0.07 &        0.03 &      0.01 &     -0.02 &    0.19 &          0.15 &        0.17 &  1.00 &     0.06 &     0.33 &          -0.08 &  -0.08 &   -0.09 &             -0.04 &             -0.01 &             0.02 &                 0.01 \\
delta\_5             &     0.10 &       -0.09 &      0.00 &      0.07 &   -0.12 &         -0.07 &       -0.07 &  0.06 &     1.00 &    -0.15 &           0.13 &   0.05 &    0.15 &              0.94 &              0.94 &            -0.89 &                -0.12 \\
vol\_pre             &    -0.03 &        0.13 &     -0.03 &      0.02 &    0.53 &          0.33 &        0.47 &  0.33 &    -0.15 &     1.00 &          -0.08 &  -0.09 &   -0.12 &             -0.21 &             -0.15 &             0.20 &                -0.05 \\
open\_interest       &     0.00 &        0.17 &      0.06 &     -0.17 &   -0.16 &         -0.22 &       -0.15 & -0.08 &     0.13 &    -0.08 &           1.00 &  -0.12 &    0.34 &              0.19 &              0.14 &            -0.19 &                 0.02 \\
slope               &     0.02 &       -0.15 &     -0.08 &      0.15 &    0.10 &          0.09 &        0.14 & -0.08 &     0.05 &    -0.09 &          -0.12 &   1.00 &   -0.08 &             -0.19 &             -0.12 &             0.32 &                 0.02 \\
volume              &     0.03 &        0.15 &      0.08 &     -0.15 &   -0.18 &         -0.20 &       -0.15 & -0.09 &     0.15 &    -0.12 &           0.34 &  -0.08 &    1.00 &              0.20 &              0.16 &            -0.19 &                 0.07 \\
contract\_is\_call    &     0.07 &       -0.03 &      0.04 &      0.01 &   -0.20 &         -0.13 &       -0.15 & -0.04 &     0.94 &    -0.21 &           0.19 &  -0.19 &    0.20 &              1.00 &              0.95 &            -0.98 &                -0.11 \\
inter\_call\_money    &     0.07 &       -0.08 &      0.03 &      0.07 &   -0.16 &         -0.07 &       -0.09 & -0.01 &     0.94 &    -0.15 &           0.14 &  -0.12 &    0.16 &              0.95 &              1.00 &            -0.93 &                -0.10 \\
inter\_put\_money     &    -0.06 &        0.01 &     -0.06 &      0.02 &    0.21 &          0.13 &        0.17 &  0.02 &    -0.89 &     0.20 &          -0.19 &   0.32 &   -0.19 &             -0.98 &             -0.93 &             1.00 &                 0.10 \\
inter\_call\_skewness &    -0.09 &        0.45 &      0.78 &     -0.17 &   -0.24 &         -0.02 &        0.02 &  0.01 &    -0.12 &    -0.05 &           0.02 &   0.02 &    0.07 &             -0.11 &             -0.10 &             0.10 &                 1.00 \\
\bottomrule
\end{tabular}
