\begin{tabular}{lrrrrrrrrrrrrrrrrr}
\toprule
{} &  log\_ret &  volatility &  skewness &  amihud &  maxmin\_ratio &  btc\_volume &  time &  delta\_5 &  vol\_pre &  spread &  open\_interest &  slope &  volume &  contract\_is\_call &  inter\_call\_money &  inter\_put\_money &  inter\_call\_skewness \\
\midrule
log\_ret             &     1.00 &        0.02 &      0.16 &    0.03 &         -0.12 &        0.02 &  0.06 &     0.04 &    -0.06 &   -0.01 &          -0.01 &   0.08 &   -0.02 &             -0.06 &             -0.01 &             0.11 &                 0.09 \\
volatility          &     0.02 &        1.00 &      0.32 &    0.99 &          0.68 &        0.79 &  0.19 &    -0.01 &     0.37 &    0.36 &          -0.25 &   0.10 &   -0.18 &             -0.27 &             -0.25 &             0.38 &                 0.25 \\
skewness            &     0.16 &        0.32 &      1.00 &    0.37 &          0.15 &        0.26 &  0.10 &     0.07 &     0.19 &    0.16 &          -0.03 &   0.06 &   -0.08 &             -0.06 &             -0.02 &             0.10 &                 0.81 \\
amihud              &     0.03 &        0.99 &      0.37 &    1.00 &          0.65 &        0.75 &  0.18 &    -0.01 &     0.36 &    0.35 &          -0.26 &   0.11 &   -0.19 &             -0.27 &             -0.25 &             0.37 &                 0.31 \\
maxmin\_ratio        &    -0.12 &        0.68 &      0.15 &    0.65 &          1.00 &        0.70 &  0.11 &    -0.03 &     0.14 &    0.34 &          -0.22 &   0.07 &   -0.13 &             -0.20 &             -0.18 &             0.29 &                 0.10 \\
btc\_volume          &     0.02 &        0.79 &      0.26 &    0.75 &          0.70 &        1.00 &  0.12 &    -0.01 &     0.28 &    0.39 &          -0.22 &   0.12 &   -0.12 &             -0.22 &             -0.18 &             0.31 &                 0.18 \\
time                &     0.06 &        0.19 &      0.10 &    0.18 &          0.11 &        0.12 &  1.00 &     0.17 &     0.18 &    0.33 &           0.00 &  -0.29 &   -0.02 &              0.09 &             -0.06 &            -0.00 &                 0.04 \\
delta\_5             &     0.04 &       -0.01 &      0.07 &   -0.01 &         -0.03 &       -0.01 &  0.17 &     1.00 &    -0.20 &    0.13 &           0.01 &  -0.09 &    0.05 &              0.79 &              0.85 &            -0.62 &                -0.14 \\
vol\_pre             &    -0.06 &        0.37 &      0.19 &    0.36 &          0.14 &        0.28 &  0.18 &    -0.20 &     1.00 &    0.21 &           0.06 &  -0.07 &   -0.04 &             -0.24 &             -0.29 &             0.31 &                 0.14 \\
spread              &    -0.01 &        0.36 &      0.16 &    0.35 &          0.34 &        0.39 &  0.33 &     0.13 &     0.21 &    1.00 &          -0.13 &   0.02 &   -0.09 &             -0.03 &              0.14 &             0.04 &                 0.12 \\
open\_interest       &    -0.01 &       -0.25 &     -0.03 &   -0.26 &         -0.22 &       -0.22 &  0.00 &     0.01 &     0.06 &   -0.13 &           1.00 &  -0.28 &    0.37 &              0.23 &              0.10 &            -0.21 &                -0.07 \\
slope               &     0.08 &        0.10 &      0.06 &    0.11 &          0.07 &        0.12 & -0.29 &    -0.09 &    -0.07 &    0.02 &          -0.28 &   1.00 &   -0.13 &             -0.44 &             -0.14 &             0.40 &                 0.16 \\
volume              &    -0.02 &       -0.18 &     -0.08 &   -0.19 &         -0.13 &       -0.12 & -0.02 &     0.05 &    -0.04 &   -0.09 &           0.37 &  -0.13 &    1.00 &              0.15 &              0.10 &            -0.15 &                -0.11 \\
contract\_is\_call    &    -0.06 &       -0.27 &     -0.06 &   -0.27 &         -0.20 &       -0.22 &  0.09 &     0.79 &    -0.24 &   -0.03 &           0.23 &  -0.44 &    0.15 &              1.00 &              0.88 &            -0.91 &                -0.29 \\
inter\_call\_money    &    -0.01 &       -0.25 &     -0.02 &   -0.25 &         -0.18 &       -0.18 & -0.06 &     0.85 &    -0.29 &    0.14 &           0.10 &  -0.14 &    0.10 &              0.88 &              1.00 &            -0.80 &                -0.22 \\
inter\_put\_money     &     0.11 &        0.38 &      0.10 &    0.37 &          0.29 &        0.31 & -0.00 &    -0.62 &     0.31 &    0.04 &          -0.21 &   0.40 &   -0.15 &             -0.91 &             -0.80 &             1.00 &                 0.26 \\
inter\_call\_skewness &     0.09 &        0.25 &      0.81 &    0.31 &          0.10 &        0.18 &  0.04 &    -0.14 &     0.14 &    0.12 &          -0.07 &   0.16 &   -0.11 &             -0.29 &             -0.22 &             0.26 &                 1.00 \\
\bottomrule
\end{tabular}
