\begin{tabular}{lrrrrrrrrrrrrrrrrr}
\toprule
{} &  log\_ret &  volatility &  skewness &  amihud &  maxmin\_ratio &  btc\_volume &  time &  delta\_5 &  vol\_pre &  spread &  open\_interest &  slope &  volume &  contract\_is\_call &  inter\_call\_money &  inter\_put\_money &  inter\_call\_skewness \\
\midrule
log\_ret             &     1.00 &       -0.00 &      0.15 &    0.01 &         -0.13 &        0.03 & -0.02 &     0.00 &     0.03 &    0.01 &          -0.00 &   0.06 &    0.01 &             -0.09 &             -0.03 &             0.11 &                 0.11 \\
volatility          &    -0.00 &        1.00 &      0.30 &    0.99 &          0.69 &        0.72 &  0.22 &     0.03 &     0.19 &    0.37 &          -0.21 &   0.08 &   -0.18 &             -0.21 &             -0.17 &             0.31 &                 0.26 \\
skewness            &     0.15 &        0.30 &      1.00 &    0.37 &          0.15 &        0.26 &  0.00 &     0.03 &     0.10 &    0.16 &          -0.04 &   0.05 &   -0.08 &             -0.11 &             -0.02 &             0.13 &                 0.85 \\
amihud              &     0.01 &        0.99 &      0.37 &    1.00 &          0.65 &        0.68 &  0.21 &     0.02 &     0.19 &    0.36 &          -0.21 &   0.08 &   -0.19 &             -0.22 &             -0.17 &             0.31 &                 0.32 \\
maxmin\_ratio        &    -0.13 &        0.69 &      0.15 &    0.65 &          1.00 &        0.72 &  0.19 &     0.02 &     0.07 &    0.35 &          -0.19 &   0.03 &   -0.13 &             -0.16 &             -0.11 &             0.23 &                 0.10 \\
btc\_volume          &     0.03 &        0.72 &      0.26 &    0.68 &          0.72 &        1.00 &  0.19 &     0.03 &     0.12 &    0.39 &          -0.17 &   0.06 &   -0.12 &             -0.16 &             -0.09 &             0.25 &                 0.17 \\
time                &    -0.02 &        0.22 &      0.00 &    0.21 &          0.19 &        0.19 &  1.00 &     0.18 &    -0.06 &    0.28 &           0.07 &  -0.10 &   -0.02 &              0.15 &             -0.02 &            -0.06 &                -0.04 \\
delta\_5             &     0.00 &        0.03 &      0.03 &    0.02 &          0.02 &        0.03 &  0.18 &     1.00 &    -0.25 &    0.09 &          -0.01 &  -0.00 &    0.03 &              0.77 &              0.83 &            -0.60 &                -0.13 \\
vol\_pre             &     0.03 &        0.19 &      0.10 &    0.19 &          0.07 &        0.12 & -0.06 &    -0.25 &     1.00 &    0.39 &           0.07 &  -0.14 &    0.00 &             -0.17 &             -0.22 &             0.16 &                 0.07 \\
spread              &     0.01 &        0.37 &      0.16 &    0.36 &          0.35 &        0.39 &  0.28 &     0.09 &     0.39 &    1.00 &          -0.11 &   0.04 &   -0.08 &             -0.05 &              0.14 &             0.04 &                 0.12 \\
open\_interest       &    -0.00 &       -0.21 &     -0.04 &   -0.21 &         -0.19 &       -0.17 &  0.07 &    -0.01 &     0.07 &   -0.11 &           1.00 &  -0.13 &    0.37 &              0.22 &              0.03 &            -0.21 &                -0.07 \\
slope               &     0.06 &        0.08 &      0.05 &    0.08 &          0.03 &        0.06 & -0.10 &    -0.00 &    -0.14 &    0.04 &          -0.13 &   1.00 &   -0.11 &             -0.22 &             -0.02 &             0.21 &                 0.10 \\
volume              &     0.01 &       -0.18 &     -0.08 &   -0.19 &         -0.13 &       -0.12 & -0.02 &     0.03 &     0.00 &   -0.08 &           0.37 &  -0.11 &    1.00 &              0.13 &              0.06 &            -0.12 &                -0.10 \\
contract\_is\_call    &    -0.09 &       -0.21 &     -0.11 &   -0.22 &         -0.16 &       -0.16 &  0.15 &     0.77 &    -0.17 &   -0.05 &           0.22 &  -0.22 &    0.13 &              1.00 &              0.81 &            -0.91 &                -0.29 \\
inter\_call\_money    &    -0.03 &       -0.17 &     -0.02 &   -0.17 &         -0.11 &       -0.09 & -0.02 &     0.83 &    -0.22 &    0.14 &           0.03 &  -0.02 &    0.06 &              0.81 &              1.00 &            -0.74 &                -0.16 \\
inter\_put\_money     &     0.11 &        0.31 &      0.13 &    0.31 &          0.23 &        0.25 & -0.06 &    -0.60 &     0.16 &    0.04 &          -0.21 &   0.21 &   -0.12 &             -0.91 &             -0.74 &             1.00 &                 0.26 \\
inter\_call\_skewness &     0.11 &        0.26 &      0.85 &    0.32 &          0.10 &        0.17 & -0.04 &    -0.13 &     0.07 &    0.12 &          -0.07 &   0.10 &   -0.10 &             -0.29 &             -0.16 &             0.26 &                 1.00 \\
\bottomrule
\end{tabular}
